Sample Run

Input:

9 9
1 2 3 4 5 6 7 8 9
1 7 9
1 3 4 5 6 7 9
1 3 5 9
1 3 5 6 7 9
1 5 9
1 2 3 5 7 9
1 7 9
1 2 3 4 5 6 7 9
5 4

Output:

#########
#     # #
# ##### #
# # #   #
# # ### #
#   #   #
### # # #
#     # #
####### #


#########
#XXXXX#X#
#X#####X#
#X#X#XXX#
#X#X###X#
#XXX#XXX#
###X#X#X#
#XXXXX#X#
#######X#

[[4,3], [5,3], [6,3], [7,3], [7,4], [7,5], [6,5], [5,5], [5,6], [5,7], [4,7], [3,7], [2,7], [3,6], [6,7], [7,7], [7,2], [5,2], [5,1], [4,1], [3,1], [2,1], [1,1], [1,2], [1,3], [1,4]] FAILURE